FinGuard-AI prototype training log
model=resnet18
embedding_dim=128
image_size=224
batch_size=8
num_epochs=10
learning_rate=0.0001
device=cpu
training_pairs=144
loss_history=[0.27084460357824963, 0.26564280605978435, 0.2625436840785874, 0.2783561059170299, 0.25541310922967064, 0.25292632977167767, 0.26111750470267403, 0.2529271716872851, 0.20418107675181496, 0.18068899462620416]